16 6 46
g
0 47 96 16 0 
0 0 0 0
g
160 47 1216 16 0 
1 0 10 0
g
1436 47 360 16 0 
11 0 14 0
g
1791 64 65 32 1 
13 0 14 0
g
1855 49 160 49 1 
14 0 15 0
g
1791 180 256 50 1 
13 1 15 1
g
48 176 48 16 0 
0 1 0 1
g
34 288 222 16 0 
0 2 2 2
g
290 288 222 16 0 
2 2 4 2
g
546 288 222 16 0 
4 2 6 2
g
802 288 222 16 0 
6 2 8 2
g
1058 288 222 16 0 
8 2 10 2
g
1314 288 222 16 0 
10 2 12 2
g
1568 288 224 16 0 
12 2 14 2
g
576 128 32 16 0 
4 1 4 1
g
624 208 32 16 0 
4 1 5 1
g
672 128 48 16 0 
5 1 5 1
g
928 128 48 16 0 
7 1 7 1
g
832 128 32 16 0 
6 1 6 1
g
880 208 32 16 0 
6 1 7 1
g
1328 176 48 16 0 
10 1 10 1
g
0 32 1790 32 2 
0 0 13 0
w
0 0 6 480 
0 0 0 -4
w
2023 0 24 480 
15 0 15 -4
w
1790 60 66 63 
13 0 14 0
w
1766 277 28 109 
13 2 14 1
w
2016 173 31 173 
15 1 15 0
h
72 200 4 
0 1 0 1
h
136 104 4 
1 1 1 0
h
328 88 4 
2 0 2 0
h
424 184 2 
3 1 3 1
h
584 151 6 
4 1 4 1
h
840 151 2 
6 1 6 1
h
1096 88 3 
8 0 8 0
h
1192 184 5 
9 1 9 1
h
1416 104 2 
11 1 11 0
h
1352 200 5 
10 1 10 1
h
1608 88 3 
12 0 12 0
h
1704 184 6 
13 1 13 1
e
1 694 150 0 3000 
5 1 5 1
e
1 951 150 0 3000 
7 1 7 1
e
1 808 71 1 0 
6 0 6 0
e
1 1114 318 1 -120 
8 3 8 2
e
3 403 72 0 0 
3 0 3 0
e
3 589 72 0 1 
4 0 4 0
e
3 1623 77 1 0 
12 0 12 0