8 10 84
g
0 752 64 48 1 
0 6 0 6
g
0 463 64 128 1 
0 4 0 2
g
0 269 30 44 1 
0 2 0 2
g
30 254 32 32 1 
0 2 0 1
g
0 32 1024 46 1 
0 0 8 0
g
82 864 48 32 1 
0 7 1 7
g
63 736 33 16 0 
0 6 0 6
g
176 736 32 16 0 
1 6 1 6
g
206 752 626 48 1 
1 6 6 6
g
289 863 96 16 1 
2 7 3 7
g
224 384 32 46 1 
1 3 2 3
g
208 256 48 32 1 
1 2 2 2
g
240 272 18 47 1 
1 2 2 2
g
256 352 48 103 1 
2 3 2 2
g
336 400 32 16 0 
2 3 2 3
g
304 272 207 40 1 
2 2 3 2
g
512 144 64 48 1 
4 1 4 0
g
608 160 80 32 1 
4 1 5 1
g
720 112 48 16 1 
5 1 6 0
g
800 128 32 45 1 
6 1 6 0
g
768 271 256 64 1 
6 2 8 1
g
768 352 256 16 1 
6 3 8 3
g
800 384 32 42 1 
6 3 6 3
g
880 384 32 42 1 
6 3 7 3
g
960 384 32 42 1 
7 3 7 3
g
768 512 24 48 1 
6 4 6 4
g
1000 512 24 48 1 
7 4 8 4
g
792 512 208 48 5 
6 4 7 4
g
783 592 48 16 1 
6 5 6 5
g
960 592 48 16 1 
7 5 7 5
g
864 640 64 16 1 
6 5 7 5
g
976 751 48 44 1 
7 6 8 6
g
944 736 32 16 1 
7 6 7 6
g
832 736 32 16 1 
6 6 6 6
g
849 863 48 32 1 
6 7 7 7
g
672 832 64 16 1 
5 7 5 7
g
512 832 128 16 1 
4 7 5 7
g
256 784 64 40 1 
2 7 2 6
g
368 784 32 46 1 
2 7 3 6
g
432 784 32 42 1 
3 7 3 6
g
257 141 94 44 1 
2 1 2 0
g
417 141 94 44 1 
3 1 3 0
g
350 193 66 16 1 
2 1 3 1
g
868 162 72 80 1 
6 1 7 0
g
257 557 254 78 1 
2 4 3 4
g
424 358 98 16 1 
3 3 4 3
g
424 390 32 16 1 
3 3 3 3
w
446 396 4 32 
3 3 3 3
w
800 115 32 100 
6 1 6 0
w
864 224 8 141 
6 2 6 0
w
936 224 8 141 
7 2 7 0
w
993 208 28 192 
7 1 7 0
w
416 378 32 42 
3 3 3 3
w
800 378 32 42 
6 3 6 3
w
880 378 32 42 
6 3 7 3
w
960 378 32 42 
7 3 7 3
w
976 750 32 42 
7 6 7 6
w
813 750 18 42 
6 6 6 6
w
433 776 32 32 
3 6 3 6
w
368 776 32 32 
2 6 3 6
w
256 776 16 32 
2 6 2 6
w
302 776 16 32 
2 6 2 6
w
320 924 16 72 
2 8 2 7
w
207 751 12 45 
1 6 1 6
w
51 751 12 45 
0 6 0 6
w
244 381 12 45 
1 3 2 3
w
292 346 11 105 
2 3 2 2
w
258 346 11 105 
2 3 2 2
w
20 270 10 44 
0 2 0 2
w
500 268 21 160 
3 2 4 0
w
342 176 10 80 
2 1 2 0
w
418 176 10 80 
3 1 3 0
w
563 136 10 38 
4 1 4 0
w
757 111 11 14 
5 0 6 0
w
721 111 11 14 
5 0 5 0
w
769 268 13 59 
6 2 6 1
w
259 180 10 84 
2 1 2 0
w
255 700 4 230 
1 6 2 4
e
6 580 236 2 
4 2 4 2
e
6 692 409 1 1 1 50 50 
5 3 5 3
e
6 695 528 0 1 40 
5 4 5 4
e
5 136 615 
0 5 1 5
e
10 130 180 
0 1 1 1
e
1 230 52 1 1 
1 0 1 0