55 60 1326 
0 1 2 3 4 5 6 7 8 9 10 11 12 13 14 0 1 2 15 16 17 18 19 8 9 10 11 20 13 14 0 1 2 21 22 23 6 24 8 9 10 11 12 13 14 0 1 2 3 4 5 6 7 8 9 10 11 12 13 25
26 27 28 28 29 30 31 32 33 34 28 35 28 36 37 38 39 28 40 41 42 43 44 33 34 28 45 46 47 37 48 27 28 49 50 28 51 52 33 34 28 35 28 36 37 48 27 28 28 29 30 31 32 33 34 28 35 28 36 37
53 54 55 56 57 28 58 59 60 61 62 63 64 65 28 66 67 55 68 69 70 71 72 60 61 62 73 28 28 28 74 54 55 56 57 75 76 77 78 61 62 63 64 65 28 53 54 55 56 57 28 58 59 60 61 62 63 64 65 28
79 80 81 82 83 84 84 85 86 28 28 28 28 28 28 79 87 88 89 90 91 92 93 94 28 28 28 95 96 97 98 80 81 82 28 99 100 101 102 28 28 28 28 28 28 79 80 81 82 83 84 84 85 86 28 28 28 28 28 28
103 28 28 28 104 105 106 107 108 28 28 28 28 28 28 109 110 111 112 113 114 115 116 117 28 28 28 118 119 120 121 28 28 28 28 28 122 123 108 28 28 28 28 28 28 103 28 28 28 104 105 106 107 108 28 28 28 28 28 28
124 125 126 126 127 128 129 130 131 132 133 133 134 135 136 137 28 28 28 28 28 28 138 117 28 28 28 28 28 28 139 140 141 141 142 141 141 143 131 144 141 145 146 147 136 148 125 126 126 127 128 129 130 131 132 133 133 134 135 149
121 28 28 28 150 151 152 153 117 154 28 28 155 156 157 158 159 160 160 160 160 160 161 162 160 160 160 160 163 164 165 166 167 167 168 167 169 170 117 171 172 173 174 175 157 121 28 28 28 150 151 152 153 117 154 28 28 155 156 176
177 28 28 28 28 178 179 180 117 28 28 28 28 181 182 183 28 28 28 28 28 28 184 185 28 28 28 28 181 182 186 28 187 188 189 28 28 190 117 28 28 28 28 181 182 177 28 28 28 28 178 179 180 117 28 28 28 28 181 182
191 28 28 28 28 28 192 193 194 28 28 28 28 195 196 197 198 199 200 28 28 201 202 203 28 204 205 206 207 208 191 28 209 210 211 28 192 212 213 28 28 28 28 207 208 191 28 28 28 28 28 192 193 194 28 28 28 28 207 208
214 28 28 28 28 28 215 216 217 28 28 28 28 28 218 219 220 221 222 28 28 223 224 225 28 226 227 228 28 229 214 28 230 231 232 28 215 233 234 28 28 28 28 28 229 214 28 28 28 28 28 215 216 217 28 28 28 28 28 235
236 237 238 239 240 240 240 241 242 240 240 240 243 244 245 246 247 248 249 238 238 250 251 252 238 253 254 255 238 256 257 258 259 260 261 262 238 263 264 238 238 265 266 238 256 257 237 238 239 240 240 240 241 242 240 240 240 243 267 268
269 270 271 272 273 274 28 275 276 28 277 278 279 280 281 282 271 271 271 271 271 271 271 271 271 271 271 271 271 283 269 284 285 271 286 287 271 271 288 271 271 289 290 271 283 269 270 271 272 273 274 28 275 276 28 277 278 279 291 292
293 294 294 295 296 297 28 298 299 28 300 301 302 294 303 293 294 294 294 294 294 294 294 294 294 294 294 294 294 303 293 294 294 294 294 294 294 294 294 294 294 294 294 294 303 293 294 294 295 296 297 28 298 299 28 300 301 302 294 303
304 305 306 307 308 309 310 311 312 313 314 315 316 317 318 319 320 320 320 320 320 320 320 320 320 320 320 321 322 323 324 305 306 325 326 327 328 329 330 331 332 333 334 317 335 336 305 306 307 308 309 310 311 312 313 314 315 316 317 337
338 339 340 341 342 343 344 345 346 347 348 349 350 351 352 353 354 354 354 354 354 354 354 354 354 354 354 355 356 357 338 339 340 341 342 343 344 345 346 347 348 349 350 351 358 338 339 340 341 342 343 344 345 346 347 348 349 350 351 359
360 28 28 28 361 28 28 362 363 364 28 365 28 366 367 368 369 369 369 369 369 369 369 369 369 369 369 369 369 370 360 28 28 28 361 28 28 362 363 364 28 365 28 366 367 371 372 373 28 361 28 28 362 363 364 28 365 28 366 367
374 375 376 377 378 379 28 138 117 380 381 382 383 384 28 385 386 386 386 386 386 386 386 386 386 386 386 386 386 387 374 375 376 377 378 379 28 138 117 380 381 382 383 384 28 388 28 389 390 378 391 392 393 394 395 381 382 383 384 28
396 397 398 399 28 400 401 402 60 28 28 28 28 28 28 403 404 404 404 404 404 404 404 404 404 404 404 404 404 405 396 397 398 399 28 400 401 402 60 28 28 28 28 28 28 396 28 28 28 28 406 407 408 409 410 28 28 28 28 28
79 28 28 28 28 28 411 412 117 28 28 28 28 28 28 413 414 414 414 414 414 414 414 414 414 414 414 414 414 415 79 28 28 28 28 28 411 412 117 28 28 28 28 28 28 121 28 28 28 28 28 28 416 417 28 28 28 28 28 28
418 419 420 420 420 420 421 422 423 420 420 420 420 420 424 425 426 426 426 426 426 426 426 426 426 426 426 426 426 427 418 419 420 420 420 420 421 422 423 420 420 420 420 420 428 429 430 431 432 420 420 421 433 434 420 420 435 431 436 437
121 28 28 28 28 28 438 439 117 28 28 28 28 440 441 442 443 443 443 443 443 443 443 443 443 443 443 443 443 444 121 28 28 28 28 28 438 439 117 28 28 28 28 440 445 446 447 448 449 450 451 452 453 454 455 456 457 458 459 460
461 28 28 28 28 28 28 462 463 28 28 28 28 464 465 466 467 467 467 467 467 467 467 467 467 467 467 467 467 468 461 28 28 28 28 28 28 469 463 28 28 28 28 464 465 461 28 28 28 470 28 471 472 473 474 475 28 28 28 28
476 28 28 28 28 28 477 478 185 28 28 28 28 479 480 481 482 482 482 482 482 482 482 482 482 482 482 482 482 483 476 28 28 28 28 28 28 184 185 28 28 28 28 479 480 476 28 28 28 28 28 28 484 485 28 28 28 28 28 28
121 28 28 28 28 28 486 487 488 28 28 28 28 28 489 490 491 491 491 491 491 491 491 491 491 491 491 491 491 492 121 28 28 28 28 28 486 493 494 28 28 28 28 28 495 496 28 28 28 28 28 28 497 498 28 28 28 28 28 28
499 500 501 501 501 501 501 502 503 501 501 501 501 501 504 505 506 506 506 506 506 506 506 506 506 506 506 506 506 507 499 500 501 501 501 501 508 509 510 511 501 501 501 501 512 513 514 515 516 517 518 519 520 521 522 523 524 525 526 527
528 529 28 28 28 28 28 530 531 28 28 28 28 28 532 533 534 534 534 534 534 534 534 534 534 534 534 534 534 535 528 529 28 28 28 28 28 530 531 28 28 28 28 28 536 537 538 539 540 541 542 543 544 545 546 547 548 549 550 551
552 28 28 28 28 28 28 553 554 28 28 28 28 28 28 555 556 556 556 556 556 556 556 556 556 556 556 556 556 557 552 28 28 28 28 28 28 553 554 28 28 28 28 28 28 558 556 556 556 559 556 556 556 560 561 556 556 556 556 562
563 564 564 565 566 567 568 569 570 571 572 573 574 575 576 577 578 579 580 581 582 583 584 585 586 587 588 589 590 591 592 593 594 595 566 567 568 569 570 571 572 573 574 575 576 577 578 579 580 596 582 583 584 597 586 587 588 589 590 598
599 600 600 601 602 603 604 605 606 607 608 609 610 611 612 613 614 615 616 602 603 604 605 606 607 608 609 610 611 612 613 614 615 616 602 603 604 605 606 607 608 609 610 611 612 613 614 615 616 602 603 604 605 606 607 608 609 610 611 617
618 619 619 620 28 28 28 621 622 623 28 28 624 625 28 626 28 28 28 28 28 28 627 628 623 28 28 28 629 630 626 28 28 28 28 28 28 627 628 623 28 28 28 629 630 626 28 28 28 28 28 28 627 631 632 633 634 28 629 630
635 636 636 637 638 639 639 640 641 642 643 644 645 646 28 647 648 28 649 650 651 652 653 654 655 643 644 645 656 28 657 648 28 649 650 658 28 138 659 655 643 644 645 656 28 647 648 28 649 650 658 28 660 661 662 663 664 645 656 28
665 666 666 667 28 28 28 668 669 28 28 28 28 670 671 388 672 673 674 675 676 677 678 679 680 392 681 28 28 28 388 672 673 674 28 682 31 683 684 28 28 28 28 28 28 388 685 686 687 28 682 688 689 690 28 28 691 392 692 28
693 694 694 695 28 28 696 697 117 28 28 28 28 698 699 121 28 28 28 28 28 28 138 700 701 702 703 704 704 705 706 28 28 28 28 28 58 707 708 28 28 28 28 28 28 709 710 711 712 704 704 713 714 715 704 704 716 717 718 719
720 414 414 721 722 723 724 138 725 726 727 727 728 729 730 731 84 732 28 28 28 28 733 86 734 735 736 84 84 737 738 739 722 722 722 722 740 741 725 722 722 722 722 722 742 743 744 745 746 84 84 747 748 749 84 84 750 751 752 753
754 755 755 756 757 758 759 760 761 762 763 763 764 765 766 767 768 769 420 420 420 420 770 771 772 755 773 774 774 775 121 28 28 28 28 28 122 776 117 28 28 28 28 777 778 779 780 781 782 783 784 785 786 787 788 789 790 791 792 793
794 28 28 28 795 796 797 798 799 28 28 28 28 28 800 801 802 803 28 804 805 806 807 808 28 28 28 28 28 28 809 28 28 28 28 28 28 810 811 28 28 28 28 812 813 814 28 815 816 817 28 28 818 819 28 820 28 28 28 28
461 28 28 28 28 28 821 822 823 28 28 28 28 824 825 826 467 827 828 829 830 831 832 833 834 160 835 28 836 837 838 28 28 28 28 28 821 839 840 28 28 28 28 841 842 843 28 844 845 846 28 821 822 847 848 849 850 28 28 28
476 28 28 28 28 28 851 852 117 28 28 28 853 854 182 855 856 857 858 28 28 28 859 860 861 28 28 28 862 863 121 28 28 28 28 28 851 864 865 28 28 28 28 28 866 867 28 230 868 869 28 851 870 871 28 28 872 873 28 28
874 875 876 876 876 876 876 877 878 876 876 876 879 880 881 882 883 884 885 886 887 888 889 890 891 892 891 893 894 895 896 897 876 876 876 876 876 898 899 876 876 876 876 876 900 901 902 903 904 905 906 891 907 908 886 886 886 909 910 911
912 913 914 915 28 28 28 916 917 28 28 28 918 919 920 921 922 923 924 925 926 925 925 925 927 928 925 925 925 929 930 931 28 28 28 28 28 932 933 28 28 28 28 28 934 935 936 937 925 938 939 925 925 940 925 925 925 941 942 943
944 945 946 947 28 28 28 948 949 28 28 28 950 951 952 944 953 953 953 953 953 953 953 953 953 953 953 953 953 954 955 28 28 28 28 28 28 948 949 28 28 28 28 28 28 956 953 953 953 953 953 953 953 953 953 953 953 953 953 957
958 959 960 961 962 963 964 965 966 967 968 969 970 971 972 973 974 974 974 974 974 974 974 974 974 974 974 974 974 975 976 977 978 979 962 963 964 965 966 967 968 969 980 981 982 983 974 974 984 974 985 986 987 987 988 989 990 991 974 992
993 994 995 996 997 998 999 298 299 1000 1001 1002 1003 1004 1005 1006 1007 1007 1007 1007 1007 1007 1007 1007 1007 1007 1007 1007 1007 1008 1009 1010 1011 1012 1013 1014 1015 1016 1017 1018 1019 1020 1021 1022 1023 1024 1025 1026 1027 1028 1029 1030 1031 1031 1032 1033 1034 1035 1036 1037
1038 28 28 1039 1040 1041 28 1042 1043 1044 28 28 28 1045 1046 1047 1048 1048 1048 1048 1049 1048 1048 1048 1050 1048 1048 1048 1048 1051 1052 1053 1054 28 28 28 28 1055 1056 1044 28 28 28 1045 1057 1058 28 28 28 28 1059 1060 1061 1061 1062 1063 28 28 1064 1065
1066 1067 28 1068 1069 1070 28 138 1071 1072 1073 1074 1075 1076 28 1077 1078 1078 1078 1078 1079 1080 1080 1080 1081 1078 1078 1078 1078 1082 1083 1084 1085 1086 1087 1070 28 1088 1089 1090 1073 1074 1075 1076 28 1091 1067 28 1068 1087 1092 1093 1094 1094 1095 1096 1074 1075 1097 1098
121 1099 1100 1101 28 1102 1103 1104 1105 1106 1107 1108 1109 28 28 368 369 369 369 369 1110 1111 1112 1113 1114 369 369 369 369 370 1115 28 28 1116 28 1117 1118 1119 1120 1121 1122 1108 1109 28 28 121 1099 1100 1101 28 1123 1124 1125 1125 1126 1127 1108 1109 1128 1129
121 28 28 28 28 28 1130 1131 117 28 28 28 28 28 28 1132 1133 1133 1133 1133 1134 1135 1135 1135 1136 1133 1133 1133 1133 1137 1138 1139 1139 1140 28 1141 1142 1143 1143 1144 1145 28 28 28 28 1146 1147 1148 1149 1150 1151 1152 1153 1153 1154 1155 1150 1150 1156 1157
1158 1159 704 704 704 704 1160 1161 700 704 704 704 704 704 1162 1163 694 694 694 694 1164 28 28 28 1165 694 694 694 694 1166 1167 404 404 1168 28 28 28 1169 1170 28 28 28 1171 1172 1173 1158 710 711 712 704 1174 1175 1176 1176 1177 1178 704 704 1179 1180
79 28 28 28 28 28 411 412 117 28 28 28 28 1181 1182 1183 1184 1184 1184 1184 1185 1186 28 28 1187 1184 1184 1184 1184 1188 1189 1184 1184 1190 722 722 740 741 1191 722 722 722 1192 1193 1194 79 28 1195 1196 28 1197 1198 1199 1199 1200 1201 28 1202 1203 1204
109 28 28 28 28 28 28 1205 761 28 28 28 28 1206 1207 1208 28 28 28 28 1209 1210 28 1211 28 28 28 28 28 28 1208 28 28 28 28 28 122 123 108 28 28 28 28 28 1212 1213 28 1214 1215 28 1216 1217 755 755 1218 1219 1220 1221 1222 1223
121 28 28 28 28 28 1224 1225 1226 28 28 28 28 1227 1228 1229 28 28 28 1230 1231 1232 1233 1234 1235 28 28 28 28 1236 1237 28 28 28 28 28 28 138 117 28 28 28 28 440 445 1229 28 1238 1239 28 28 28 1240 1241 28 1242 1243 1244 1245 1246
1247 28 28 28 28 28 1248 1249 1250 28 28 28 28 28 1251 1247 28 28 28 1252 1253 1254 1255 28 1256 1257 28 28 824 157 1247 28 28 28 28 28 28 1258 1250 28 28 28 1259 1260 465 1247 28 1261 1262 1263 1264 1265 1258 1266 1267 28 28 28 1268 1269
1270 1271 1272 1273 1272 1272 1272 1274 1275 1272 1276 1277 1278 1279 1280 1281 1282 1282 1282 1283 1284 1285 1282 1282 1282 1286 1287 1272 1288 1289 1270 1271 1272 1272 1272 1272 1272 1274 1290 1272 1276 1277 1291 1292 1293 1270 1294 1295 1296 1272 1297 1298 1299 1300 1301 1302 1282 1282 1303 1304
1305 1306 1306 1307 1306 1306 1306 1306 1308 1306 1306 1306 1309 1310 1311 1305 1306 1306 1306 1306 1306 1306 1306 1306 1306 1306 1306 1306 1306 1311 1305 1306 1306 1306 1306 1306 1306 1306 1306 1306 1306 1306 1306 1306 1311 1305 1312 1313 1314 1306 1315 1316 1317 1318 1318 1319 1306 1306 1306 1311
1320 1321 1321 1321 1321 1321 1321 1321 1321 1321 1321 1321 1321 1321 1322 1323 1321 1321 1321 1321 1321 1321 1321 1321 1321 1321 1321 1321 1321 1322 1323 1321 1321 1321 1321 1321 1321 1321 1321 1321 1321 1321 1321 1321 1322 1323 1321 1321 1321 1321 1321 1324 1325 1321 1321 1321 1321 1321 1321 1322
