g 0 47 96 16 0
g 160 47 1216 16 0
g 1436 47 360 16 0
g 1791 64 65 32 1
g 1855 49 160 49 1
g 1791 180 256 50 1
g 48 176 48 16 0
g 34 288 222 16 0
g 290 288 222 16 0
g 546 288 222 16 0
g 802 288 222 16 0
g 1058 288 222 16 0
g 1314 288 222 16 0
g 1568 288 224 16 0
g 576 128 32 16 0
g 624 208 32 16 0
g 672 128 48 16 0
g 928 128 48 16 0
g 832 128 32 16 0
g 880 208 32 16 0
g 1328 176 48 16 0
g 0 32 1790 32 2
w 0 0 6 480
w 2023 0 24 480
w 1790 60 66 63
w 1766 277 28 109
w 2016 173 31 173
h 72 200 4
h 136 104 4
h 328 88 4
h 424 184 2
h 584 151 6
h 840 151 2
h 1096 88 3
h 1192 184 5
h 1416 104 2
h 1352 200 5
h 1608 88 3
h 1704 184 6
e 1 694 150 0 3000
e 1 951 150 0 3000
e 1 808 71 1 0
e 1 1114 318 1 -120
e 3 403 72 0 0
e 3 589 72 0 1
e 3 1623 77 1 0