g 0 752 64 48 1
g 0 463 64 128 1
g 0 269 30 44 1
g 30 254 32 32 1
g 0 32 1024 46 1
g 82 864 48 32 1
g 63 736 33 16 0
g 176 736 32 16 0
g 206 752 626 48 1
g 289 863 96 16 1
g 224 384 32 46 1
g 208 256 48 32 1
g 240 272 18 47 1
g 256 352 48 103 1
g 336 400 32 16 0
g 304 272 207 40 1
g 512 144 64 48 1
g 608 160 80 32 1
g 720 112 48 16 1
g 800 128 32 45 1
g 768 271 256 64 1
g 768 352 256 16 1
g 800 384 32 42 1
g 880 384 32 42 1 
g 960 384 32 42 1
g 768 512 24 48 1
g 1000 512 24 48 1
g 792 512 208 48 5
g 783 592 48 16 1
g 960 592 48 16 1
g 864 640 64 16 1 
g 976 751 48 44 1
g 944 736 32 16 1
g 832 736 32 16 1
g 849 863 48 32 1
g 672 832 64 16 1
g 512 832 128 16 1
g 256 784 64 40 1
g 368 784 32 46 1
g 432 784 32 42 1 
g 257 141 94 44 1
g 417 141 94 44 1
g 350 193 66 16 1
g 868 162 72 80 1
w 800 115 32 100
w 864 224 8 141
w 936 224 8 141
w 993 208 28 192
w 416 378 32 42
w 800 378 32 42
w 880 378 32 42
w 960 378 32 42
w 976 750 32 42 
w 813 750 18 42
w 433 776 32 32
w 368 776 32 32 
w 256 776 16 32
w 302 776 16 32
w 320 924 16 72
w 207 751 12 45
w 51 751 12 45
w 244 381 12 45
w 292 352 11 105
w 258 346 11 105
w 20 270 10 44
w 500 268 21 160
w 342 176 10 80
w 418 176 10 80
w 563 136 10 38
w 757 111 11 14
w 721 111 11 14
w 769 268 13 59
w 259 180 10 84
e 5 136 615
e 6 632 413 2 1 30 20
e 6 696 527 3 0 30 0
e 6 632 303 2 2 30 40
e 7 249 400
e 7 377 65
e 7 377 50
e 7 568 180
e 10 130 180
e 1 230 52 1